196
4.087357228511794e-05
4.486521997385123e-05
4.924668559089835e-05
5.405603813159267e-05
5.9335064348457335e-05
6.512963182142559e-05
7.149008748491799e-05
7.847169507443653e-05
8.613511529349346e-05
9.454693287287431e-05
0.00010378023510166533
0.00011391524685669586
0.00012504002764794013
0.00013725123673625795
0.00015014480597452354
0.0001641857806516131
0.00017953981420278808
0.00019632969893032545
0.00021468971020843165
0.0002346223221998476
0.00025531262471277836
0.0002778275132841148
0.0003023278900699488
0.00032836171843169466
0.0003551778516678761
0.0003841839630938879
0.0004145051354042487
0.0004456757536453474
0.00047908808163105024
0.0005129031393710435
0.0005490572805605098
0.0005858249264633895
0.0006246687043238664
0.000664860262750893
0.0007069268882498904
0.0007511669150072765
0.0007977915594988134
0.0008477102033451366
0.0009014922829352702
0.0009594437764371187
0.0010216187062972101
0.0010879013433386998
0.0011579825567762383
0.0012313272529962207
0.0013071426867556908
0.0013838189795168548
0.0014596728917312893
0.001532942569438166
0.0015992528832985981
0.0016573754886410473
0.001708146300835256
0.0017534739893153154
0.0017947978621571017
0.0018335635996951532
0.0018716866887588288
0.0019116091280461404
0.0019559713551577074
0.0020078326484285563
0.0020698738514038297
0.002139219967698054
0.002214971079823845
0.002297784535917215
0.002388485920723279
0.002487695614187042
0.002596454555488072
0.0027158228888383876
0.002847104618759653
0.002991623844721171
0.003151091237794472
0.003327437793373674
0.0035228475224745068
0.003740100036831023
0.003982111623630334
0.004260151911147983
0.00461174181256216
0.005053768919860137
0.005605797257744269
0.0062921966277515425
0.007142477713529461
0.008193179652591797
0.00948451303587862
0.01105411734615938
0.012922454332767843
0.015060720397288088
0.017333239701394502
0.019413232402477203
0.020777930244172245
0.02187028703404188
0.022928211386919282
0.023918240613054715
0.024800707305955485
0.025530656104760893
0.026059976284716718
0.026340521258132424
0.026421221001453714
0.02648576115422028
0.02654071022524902
0.026585773089794082
0.026620663169170982
0.02664511041441917
0.02665885196768123
0.026652050467513698
0.026419196114352426
0.025910806406584896
0.025179077021776894
0.02427964899658281
0.023266362955998543
0.022187389428733162
0.021083173343855614
0.0198942741449204
0.018011053671560192
0.015749860003376193
0.013516425632859647
0.011525376845650394
0.009846510285243316
0.008471553175246047
0.007361027108377973
0.006469295592067515
0.005754024330020204
0.005180274110333207
0.004720042569423906
0.004351771609228732
0.004058448718963129
0.0038090958135213932
0.003585266900764832
0.0033837348016044363
0.0032019876882613332
0.0030375874983138234
0.0028886436701590686
0.002753467239151046
0.002630547013473684
0.0025185284615418134
0.002416560093884415
0.0023233200345381118
0.0022382862303759092
0.0021605084356923756
0.002089346186729277
0.0020247526992857607
0.001970142818039829
0.0019239605323668602
0.001882949164917491
0.0018443707394146004
0.0018059007626572904
0.001765581010668174
0.0017217531670056124
0.0016725786048583581
0.0016171896596936918
0.0015535753812441105
0.001482067106338939
0.0014072685285267052
0.0013302595219779243
0.001254032938165288
0.0011797831967378428
0.001108339924169174
0.001040638347048058
0.0009770363816996462
0.0009176975796960186
0.0008626254741476741
0.0008116330134236876
0.0007641928235656154
0.0007192946745006915
0.0006765909939810439
0.0006359782960602971
0.0005967043803856172
0.0005591423432505889
0.0005231637779820427
0.0004883101578282399
0.00045525932334129304
0.0004231758399072093
0.00039273734849873626
0.0003638709253143793
0.0003357288410408676
0.00030976328930171866
0.00028521273759859637
0.00026177251091081855
0.00024025872072024233
0.0002205130427227744
0.00020186834407458606
0.0001844627090797769
0.00016855783504359675
0.0001540243222943077
0.00014074392835008626
0.000128608605915911
0.00011717541267423843
0.0001066936296264319
9.714948164517122e-05
8.845909373381504e-05
8.054609383083747e-05
7.334094164392306e-05
6.678031752245696e-05
6.080656599763673e-05
5.536718910001675e-05
5.041438500171629e-05
4.590462792882045e-05
4.17982856522353e-05
3.8059271195385914e-05
