Phytoplankton chl-specific absorption and c-specific scatter
Computed in 11Cluster_aph_literature2.R
# aPH compiled from literature (Literature_spectra6.xls) (m2 mgChla-1)
# bPH from Dutkiewicz et al 2015 (m2 mgC-1)
# non-spectral bb ratio (-) (from Dut15 & Gregg17), it multiplies bPH in light_spectral.F90
Format I4,2F10.4, 1F10.5, 1F10.4
Diatoms
 250    0.0000    0.0000   0.00352    0.0046
 325    0.0037    0.0036   0.00352    0.0046
 350    0.0104    0.0103   0.00352    0.0046
 375    0.0152    0.0151   0.00352    0.0046
 400    0.0200    0.0199   0.00352    0.0046
 425    0.0239    0.0236   0.00336    0.0046
 450    0.0227    0.0223   0.00336    0.0046
 475    0.0182    0.0178   0.00354    0.0046
 500    0.0148    0.0145   0.00362    0.0046
 525    0.0102    0.0102   0.00368    0.0046
 550    0.0066    0.0066   0.00364    0.0046
 575    0.0045    0.0045   0.00359    0.0046
 600    0.0040    0.0040   0.00351    0.0046
 625    0.0051    0.0051   0.00341    0.0046
 650    0.0061    0.0061   0.00323    0.0046
 675    0.0122    0.0120   0.00299    0.0046
 700    0.0027    0.0027   0.00309    0.0046
 725    0.0009    0.0009   0.00309    0.0046
 775    0.0006    0.0006   0.00309    0.0046
Prymnesiophyceae
 250    0.0000    0.0000   0.00656    0.0020
 325    0.0046    0.0045   0.00656    0.0020
 350    0.0129    0.0127   0.00656    0.0020
 375    0.0190    0.0186   0.00656    0.0020
 400    0.0241    0.0236   0.00656    0.0020
 425    0.0277    0.0268   0.00642    0.0020
 450    0.0260    0.0247   0.00645    0.0020
 475    0.0214    0.0199   0.00681    0.0020
 500    0.0163    0.0154   0.00762    0.0020
 525    0.0100    0.0099   0.00811    0.0020
 550    0.0065    0.0065   0.00840    0.0020
 575    0.0056    0.0056   0.00840    0.0020
 600    0.0059    0.0059   0.00821    0.0020
 625    0.0070    0.0070   0.00803    0.0020
 650    0.0081    0.0081   0.00775    0.0020
 675    0.0140    0.0139   0.00731    0.0020
 700    0.0039    0.0039   0.00795    0.0020
 725    0.0013    0.0013   0.00795    0.0020
 775    0.0003    0.0003   0.00795    0.0020
SmallEukaryotes
 250    0.0000    0.0000   0.00544    0.0032
 325    0.0032    0.0032   0.00544    0.0032
 350    0.0091    0.0090   0.00544    0.0032
 375    0.0135    0.0132   0.00544    0.0032
 400    0.0212    0.0206   0.00544    0.0032
 425    0.0274    0.0263   0.00507    0.0032
 450    0.0246    0.0230   0.00505    0.0032
 475    0.0193    0.0176   0.00507    0.0032
 500    0.0149    0.0138   0.00518    0.0032
 525    0.0090    0.0089   0.00505    0.0032
 550    0.0069    0.0069   0.00481    0.0032
 575    0.0051    0.0051   0.00460    0.0032
 600    0.0039    0.0039   0.00429    0.0032
 625    0.0051    0.0051   0.00397    0.0032
 650    0.0062    0.0062   0.00367    0.0032
 675    0.0131    0.0129   0.00346    0.0032
 700    0.0024    0.0024   0.00379    0.0032
 725    0.0006    0.0006   0.00379    0.0032
 775    0.0000    0.0000   0.00379    0.0032
Dinos
 250    0.0000    0.0000   0.00071    0.0022
 325    0.0063    0.0063   0.00071    0.0022
 350    0.0178    0.0178   0.00071    0.0022
 375    0.0262    0.0262   0.00071    0.0022
 400    0.0324    0.0324   0.00071    0.0022
 425    0.0337    0.0337   0.00070    0.0022
 450    0.0320    0.0320   0.00067    0.0022
 475    0.0270    0.0270   0.00068    0.0022
 500    0.0209    0.0209   0.00074    0.0022
 525    0.0152    0.0152   0.00079    0.0022
 550    0.0105    0.0105   0.00085    0.0022
 575    0.0070    0.0070   0.00091    0.0022
 600    0.0062    0.0062   0.00092    0.0022
 625    0.0067    0.0067   0.00093    0.0022
 650    0.0078    0.0078   0.00093    0.0022
 675    0.0158    0.0156   0.00086    0.0022
 700    0.0026    0.0026   0.00097    0.0022
 725    0.0003    0.0003   0.00097    0.0022
 775    0.0000    0.0000   0.00097    0.0022
Coccolithophores
 250    0.0000    0.0000   0.00656    0.0071
 325    0.0075    0.0073   0.00656    0.0071
 350    0.0214    0.0206   0.00656    0.0071
 375    0.0314    0.0302   0.00656    0.0071
 400    0.0370    0.0355   0.00656    0.0071
 425    0.0370    0.0348   0.00642    0.0071
 450    0.0373    0.0341   0.00645    0.0071
 475    0.0331    0.0292   0.00681    0.0071
 500    0.0223    0.0200   0.00762    0.0071
 525    0.0138    0.0136   0.00811    0.0071
 550    0.0075    0.0075   0.00840    0.0071
 575    0.0061    0.0061   0.00840    0.0071
 600    0.0063    0.0063   0.00821    0.0071
 625    0.0067    0.0067   0.00803    0.0071
 650    0.0074    0.0074   0.00775    0.0071
 675    0.0153    0.0151   0.00731    0.0071
 700    0.0022    0.0022   0.00795    0.0071
 725    0.0004    0.0004   0.00795    0.0071
 775    0.0006    0.0006   0.00795    0.0071
Prochlorococcus
 250    0.0000    0.0000   0.00544    0.0062
 325    0.0085    0.0059   0.00544    0.0062
 350    0.0241    0.0167   0.00544    0.0062
 375    0.0355    0.0245   0.00544    0.0062
 400    0.0454    0.0304   0.00544    0.0062
 425    0.0649    0.0384   0.00507    0.0062
 450    0.0708    0.0274   0.00505    0.0062
 475    0.0551    0.0157   0.00507    0.0062
 500    0.0325    0.0072   0.00518    0.0062
 525    0.0094    0.0063   0.00505    0.0062
 550    0.0054    0.0052   0.00481    0.0062
 575    0.0055    0.0055   0.00460    0.0062
 600    0.0069    0.0069   0.00429    0.0062
 625    0.0079    0.0079   0.00397    0.0062
 650    0.0138    0.0138   0.00367    0.0062
 675    0.0194    0.0192   0.00346    0.0062
 700    0.0034    0.0034   0.00379    0.0062
 725    0.0009    0.0009   0.00379    0.0062
 775    0.0000    0.0000   0.00379    0.0062
Chlorophyceae
 250    0.0000    0.0000   0.00656    0.0054
 325    0.0036    0.0035   0.00656    0.0054
 350    0.0101    0.0099   0.00656    0.0054
 375    0.0149    0.0145   0.00656    0.0054
 400    0.0211    0.0203   0.00656    0.0054
 425    0.0269    0.0255   0.00642    0.0054
 450    0.0250    0.0227   0.00645    0.0054
 475    0.0224    0.0202   0.00681    0.0054
 500    0.0163    0.0147   0.00762    0.0054
 525    0.0076    0.0075   0.00811    0.0054
 550    0.0056    0.0056   0.00840    0.0054
 575    0.0064    0.0064   0.00840    0.0054
 600    0.0074    0.0074   0.00821    0.0054
 625    0.0087    0.0087   0.00803    0.0054
 650    0.0116    0.0116   0.00775    0.0054
 675    0.0158    0.0157   0.00731    0.0054
 700    0.0044    0.0044   0.00795    0.0054
 725    0.0015    0.0015   0.00795    0.0054
 775    0.0011    0.0011   0.00795    0.0054
EuPrasinophyceae
 250    0.0000    0.0000   0.00656    0.0062
 325    0.0046    0.0039   0.00656    0.0062
 350    0.0129    0.0110   0.00656    0.0062
 375    0.0190    0.0161   0.00656    0.0062
 400    0.0288    0.0237   0.00656    0.0062
 425    0.0409    0.0317   0.00642    0.0062
 450    0.0397    0.0256   0.00645    0.0062
 475    0.0363    0.0220   0.00681    0.0062
 500    0.0221    0.0126   0.00762    0.0062
 525    0.0089    0.0080   0.00811    0.0062
 550    0.0045    0.0045   0.00840    0.0062
 575    0.0047    0.0047   0.00840    0.0062
 600    0.0058    0.0058   0.00821    0.0062
 625    0.0074    0.0074   0.00803    0.0062
 650    0.0130    0.0130   0.00775    0.0062
 675    0.0172    0.0170   0.00731    0.0062
 700    0.0027    0.0027   0.00795    0.0062
 725    0.0000    0.0000   0.00795    0.0062
 775    0.0000    0.0000   0.00795    0.0062
Synecococcus
 250    0.0000    0.0000   0.00544    0.0062
 325    0.0080    0.0062   0.00544    0.0062
 350    0.0226    0.0176   0.00544    0.0062
 375    0.0332    0.0259   0.00544    0.0062
 400    0.0442    0.0336   0.00544    0.0062
 425    0.0573    0.0389   0.00507    0.0062
 450    0.0509    0.0218   0.00505    0.0062
 475    0.0420    0.0132   0.00507    0.0062
 500    0.0371    0.0196   0.00518    0.0062
 525    0.0269    0.0250   0.00505    0.0062
 550    0.0269    0.0268   0.00481    0.0062
 575    0.0152    0.0152   0.00460    0.0062
 600    0.0083    0.0083   0.00429    0.0062
 625    0.0100    0.0100   0.00397    0.0062
 650    0.0115    0.0115   0.00367    0.0062
 675    0.0210    0.0207   0.00346    0.0062
 700    0.0053    0.0053   0.00379    0.0062
 725    0.0012    0.0012   0.00379    0.0062
 775    0.0000    0.0000   0.00379    0.0062
